0.147606627
0.176811698
0.165065325
0.160011804
0.159482247
0.083328974
0.069134194
0.105173243
0.149862124
0.241373478
0.099876515
0.149301444
0.202198003
0.233443855
0.167477912
0.200080631
0.173805358
0.224740372
0.109815538
0.190408753
0.206802614
0.304678105
0.221034737
0.197992992
0.160233356
0.184276366
0.15060202
0.2851937
0.2455024
0.128702301
0.333968041
0.21190786
0.20416783
0.199110829
0.203593181
0.189654368
0.259923213
0.219890187
0.205410636
0.361857664
0.321199894
0.278786093
0.18318321
0.133443601
0.138290753
0.265528613
0.299957235
0.211454941
0.291642054
0.159518746
0.281417851
0.171823084
0.124674305
0.098499069
0.178024749
0.294801311
0.260146391
0.36427687
0.207385037
0.257944711
0.188917194
0.233817625
0.097504066
0.289375731
0.21141364
0.2701097
0.224957211
0.184867761
0.241539237
0.20595195
0.113964899
0.075168014
0.32437413
0.310216676
0.133904966
0.156832
0.159025303
0.139396636
0.090206135
0.077503572
0.064415434