0.074230469
0.074158675
0.058106541
0.0706078
0.068342427
0.054593966
0.02924867
0.099712372
0.089591264
0.066426097
0.062981013
0.073483922
0.085452302
0.12844393
0.090994554
0.079103419
0.053208121
0.090841279
0.078921523
0.172839737
0.112385986
0.1128696
0.133249324
0.083988663
0.120536748
0.059215072
0.052536469
0.091078326
0.148009302
0.156766098
0.073786032
0.079979498
0.122511331
0.064223665
0.122971459
0.07411421
0.095749636
0.108173725
0.145015302
0.130793791
0.116638418
0.176476322
0.110602341
0.081030665
0.06792032
0.114492445
0.112050079
0.09628372
0.187309286
0.0641688
0.085708756
0.070127026
0.08897018
0.035834142
0.127860246
0.116802262
0.11237595
0.107531393
0.078378964
0.087302359
0.0509558
0.09074093
0.045827324
0.110314116
0.20724688
0.128793639
0.129899425
0.087519809
0.079887823
0.096491187
0.067074213
0.039506791
0.127865652
0.119102661
0.072027637
0.064142031
0.110993062
0.104864962
0.055603917
0.046167306
0.041036933