1.091608692
0.776144029
0.673723366
0.607145596
0.927634528
0.808715529
0.381795105
0.840836784
0.863124189
0.956718747
0.789938707
1.427113071
0.853053621
0.89278185
0.878790154
0.494660779
0.97087565
0.757009992
1.091712848
1.255902381
0.96794337
0.606208497
0.86575487
0.774971162
0.500374306
1.102491364
0.842457936
0.825414789
0.859030714
1.097426214
1.489488784
1.271468481
0.960395938
0.834865628
0.766117431
0.649666282
1.206494246
1.373936143
1.421764921
1.106506239
1.638731881
1.125356051
1.051823244
0.695807607
0.781254618
1.288788713
1.436958633
1.308054186
1.825614471
1.044881872
1.056568984
1.204135875
0.501055551
0.476871471
0.651937544
1.123333483
1.65358234
1.15595848
1.206776941
1.344490042
1.088374907
0.879436846
0.685932826
0.989321558
2.051988524
1.92623021
1.393901102
1.185963146
1.177785651
0.728849333
0.825414789
0.624683426
1.725721361
1.575914114
1.007542639
1.191606295
1.063754787
0.804203831
0.547883608
0.353335695
0.36192