0.628030856
0.324062148
0.413324066
0.397105394
0.292971452
0.149253914
0.314315823
0.385953738
0.237019993
0.425672902
0.521480267
0.471201138
0.474615301
0.361366644
0.317984248
0.352614128
0.42498854
0.411371786
0.503807431
0.494118009
0.576205991
0.609985534
0.419690244
0.594152
0.419744425
0.386000872
0.439964007
0.444499467
0.796475294
0.726874772
0.33395987
0.808878605
0.684366222
0.652049156
0.382318895
0.161883642
0.477595766
0.561697106
0.341754191
0.504709375
0.553006444
0.599903553
0.447842995
0.364187464
0.341700954
0.332088855
0.543792411
0.950977848
0.702669749
0.556972813
0.363237103
0.320902967
0.536814111
0.307513703
0.550442723
0.545854341
0.716869639
0.649778284
0.567745478
0.489382595
0.460135257
0.322359471
0.225878064
0.777847391
0.871180358
0.605224861
0.641890966
0.560327022
0.409432414
0.346525144
0.51503002
0.308296576
0.428961726
0.681081986
0.761180085
0.610998725
0.294025198
0.430517494
0.288276594
0.168707395
0.132326463