86.428
80.62
77.628
75.848
74.432
72.76400000000001
71.02799999999999
68.52799999999999
62.688
90.96
84.088
79.604
76.14399999999999
73.288
70.55199999999999
67.604
63.568000000000005
57.775999999999996
92.296
86.05199999999999
80.03999999999999
75.97999999999999
71.816
68.91600000000001
65.204
60.75999999999999
55.919999999999995
92.668
85.88000000000002
80.024
75.348
70.99600000000001
67.11600000000001
62.94799999999999
58.71600000000001
54.30799999999999
92.31200000000001
85.1
78.76
73.49600000000001
69.36
64.944
61.116
57.652
53.888
91.30399999999999
83.236
76.34799999999998
71.08
66.824
63.260000000000005
59.452
56.6
52.888
89.24400000000001
79.952
72.208
67.128
63.008
59.996
57.248000000000005
54.976
52.516000000000005
85.208
73.768
67.516
62.568
59.44799999999999
57.636
54.812
53.467999999999996
51.803999999999995
74.76399999999998
64.312
59.488
56.708000000000006
55.104000000000006
53.688
52.608000000000004
51.604000000000006
50.82000000000001
