86.7096
80.7096
77.6512
75.7192
74.1488
72.5952
70.8736
68.38159999999999
62.79600000000001
90.9472
84.1584
79.5152
76.116
72.9984
70.5528
67.7808
63.748799999999996
57.9904
92.33279999999999
85.57280000000002
80.2616
75.88879999999999
72.08959999999999
68.632
64.94879999999999
60.98480000000001
55.86559999999999
92.6696
85.7992
79.804
74.88
70.7376
66.788
63.040000000000006
59.15440000000001
54.638400000000004
92.0936
85.0568
78.52480000000001
73.3056
68.89680000000001
64.9448
61.20399999999999
57.42960000000001
53.7544
91.1824
83.2128
76.3032
70.87519999999999
66.5536
62.81840000000001
59.322399999999995
56.288
53.10799999999999
88.8608
79.6224
72.664
67.6432
63.51520000000001
60.22800000000001
57.30319999999999
54.758399999999995
52.3848
84.732
74.28560000000002
67.224
62.587199999999996
59.6408
57.044799999999995
55.062400000000004
53.406400000000005
51.6888
74.9176
64.33520000000001
59.519999999999996
56.76800000000001
55.03679999999999
53.68399999999999
52.620799999999996
51.6952
50.8608
