86.70928
80.72464000000001
77.67023999999999
75.75984000000001
74.14768
72.63376
70.864
68.28336
62.81056000000001
90.95232
84.21024000000001
79.52544
76.03775999999999
73.2272
70.54592
67.57759999999999
63.647040000000004
57.947680000000005
92.2888
85.68528
80.13215999999998
75.84976
72.1464
68.61696
65.04623999999998
60.834399999999995
55.80576000000001
92.62303999999999
85.77184
79.976
74.93072
70.75487999999999
66.85664
63.039199999999994
59.02640000000001
54.59552
92.08143999999999
84.96176
78.65536
73.38112
68.96687999999999
64.86784
61.177279999999996
57.53839999999999
53.85455999999999
91.02031999999998
83.02624000000002
76.34367999999999
71.04800000000002
66.45968
62.75519999999999
59.369600000000005
56.23104000000001
53.116960000000006
88.93488
79.69775999999999
72.62736
67.40464
63.445280000000004
60.16064
57.33024
54.82096
52.3856
84.72431999999999
74.11904000000001
67.24688
62.78592
59.597120000000004
57.12464
55.096639999999994
53.330079999999995
51.618719999999996
74.79871999999999
64.37728
59.45376
56.81200000000001
55.03439999999999
53.72128
52.65727999999999
51.72336
50.849439999999994
