86.6
80.17999999999999
77.44000000000001
75.34
73.88
73.03999999999999
70.86
68.97999999999999
63.35999999999999
90.9
84.52
79.16
76.4
72.9
71.44
67.03999999999999
63.7
57.8
92.53999999999999
86.64
79.6
75.23999999999998
71.84
68.86
65.74
61.29999999999999
56.14
93.04
84.9
80.55999999999999
75.44000000000001
71.17999999999999
66.84
63.69999999999999
59.860000000000014
55.160000000000004
92.53999999999999
84.14
77.97999999999999
72.91999999999999
67.82000000000001
64.38
60.499999999999986
57.779999999999994
54.120000000000005
90.72
83.20000000000002
75.72
70.36
65.46
62.18000000000001
59.44
56.120000000000005
52.60000000000001
89.61999999999999
79.18
72.08
66.84
63.279999999999994
60.21999999999999
57.019999999999996
55.25999999999999
52.620000000000005
84.32000000000001
75.03999999999999
67.64
62.32000000000001
59.1
57.6
54.75999999999999
53.44000000000001
51.64000000000001
74.43999999999998
64.06
59.279999999999994
56.279999999999994
54.64
53.68000000000001
52.8
52.18000000000001
50.96
