0.20635417234561465
0.24718288326212556
0.23076144488290048
0.22369661995161597
0.22295629865763067
0.116493967416534
0.09664965367530048
0.14703227158990814
0.20950735866153633
0.3374402992464828
0.1396274407923538
0.2087235279289599
0.2826729559048773
0.3263546809496947
0.2341342444932946
0.27971286865085104
0.24298001746828693
0.3141872053410208
0.15352220252024215
0.26619157679302097
0.2891102058231632
0.42594021489719347
0.30900672412676583
0.2767943480476288
0.2240063491163688
0.2576184948502114
0.21054173510784585
0.39870100186592217
0.34321253538360846
0.17992591067807276
0.466887566765275
0.29624734410436415
0.2854267759766851
0.2783570848149307
0.2846234159181024
0.2651369457469095
0.3633728418886327
0.3074066434617889
0.2871642193743647
0.5058772798043226
0.4490376871092723
0.38974316329261355
0.25609026186527006
0.18655425186494426
0.19333057469296291
0.37120919528840546
0.41934043449207153
0.29561416294442816
0.4077158051606255
0.22300732424444406
0.39342236280561793
0.24020879806257403
0.17429476947592623
0.13770177114974796
0.2488787299514026
0.412132449044667
0.3636848452529568
0.5092593314478078
0.2899244345993933
0.36060689584828143
0.2641063758749075
0.32687721106114176
0.13631075607677612
0.404547483821945
0.29555642439304086
0.37761355907858885
0.31449034608041326
0.2584452660730227
0.33767203023051856
0.28792097681289136
0.15932301221801695
0.10508493918942202
0.4534752718971785
0.4336831408605446
0.18719924026436702
0.21925125110500737
0.22231749068992868
0.19487659913106187
0.1261082427476047
0.10835004999229811
0.09005282400408665
