0.10377425071331972
0.10367388184966146
0.08123298727870591
0.09870975635670672
0.09554276296797877
0.07632240387548964
0.0408896618284441
0.13939796905901466
0.12524865224380094
0.09286373290412628
0.0880475023306562
0.10273057751008327
0.11946238087550425
0.17956470823757328
0.12721045379824772
0.11058663773007955
0.0743849925126781
0.12699617492052326
0.11033234642056143
0.24163007906945386
0.15711569127380284
0.1577917840418541
0.18628265261872096
0.11741621315266028
0.1685104625831863
0.08278271424505104
0.07344602250784003
0.1273275670596641
0.20691711276633415
0.21915912027565562
0.10315292638709916
0.1118113967556269
0.17127093027001206
0.08978473020385007
0.17191419048144047
0.10361171962883634
0.13385806081235582
0.15122694645245346
0.20273149840230806
0.18284981572621994
0.1630605940542738
0.2467140278856399
0.1546221545143736
0.11328092906084765
0.094952657209323
0.16006052188677358
0.15664609226604387
0.13460471182111233
0.2618585199004314
0.08970803011250585
0.11982090338871781
0.09803763449705197
0.12438037715902812
0.05009615642830179
0.1787487174779151
0.16328964857985875
0.15710165993889372
0.1503289666771582
0.10957384927273581
0.12204876256826368
0.07123624545599368
0.1268558867376672
0.06406663198056613
0.15421921482818698
0.2897312900679608
0.1800536018955332
0.1815994909439764
0.12235275776758406
0.11168323459180884
0.13489475074211751
0.09376979850202782
0.05523052296209626
0.17875627603589708
0.1665056075131812
0.10069468925640636
0.08967060710053014
0.15516838165897925
0.14660129452209966
0.07773431674620875
0.06454192780235583
0.057369662908389726
