0.8779875979888422
0.4530391202141901
0.5778273483008982
0.5551536323897694
0.4095743047495905
0.20865708178199202
0.43941375085953616
0.5395636096781277
0.3313541240961939
0.5950910294512366
0.7290297966780561
0.6587395371296448
0.6635125386071402
0.505190833030231
0.44454221146903106
0.492954809738624
0.5941342908430337
0.5750980592714402
0.7043231581533558
0.6907773399101429
0.8055363982396385
0.8527602242131139
0.586727269597121
0.830624932070895
0.5868030144586687
0.539629502529282
0.615070005049108
0.6214105817501884
1.1134730451260237
1.0161714640967063
0.4668761434613381
1.1308128836274263
0.9567444799945284
0.9115651984971308
0.5344820961558114
0.22631345028030914
0.667679231035051
0.7852529670254167
0.4777726097911707
0.7055840764139214
0.7731034140972897
0.8386656067825833
0.6260848362819712
0.509134341581647
0.47769818458473884
0.4642604632938072
0.76022218974309
1.3294677297491826
0.9823328243410057
0.7786484016122656
0.5078057371344535
0.44862258327264615
0.750466521571748
0.42990438213372206
0.7695193304914432
0.7631047692741064
1.00218428112465
0.9083905180776235
0.7937085947205911
0.6841572268938696
0.6432694268776926
0.450658777051256
0.31577769958557156
1.0874312238788553
1.2179107794361086
0.8461048004433824
0.8973640410793285
0.7833375886409241
0.5723868155947222
0.4844424057041711
0.720012345573171
0.4309988399056315
0.599688808188604
0.9521531156046066
1.064130317833926
0.8541766666081307
0.4110474425172842
0.6018637719617297
0.4030108903960012
0.23585306160121555
0.184992492340154
