1.5260697523012792
1.0850499220466
0.9418657606639679
0.8487899884214272
1.296833751017368
1.1305849027040042
0.5337498373666184
1.1754904413808638
1.2066482503198699
1.3374935098492593
1.1043348928452639
1.9951051211513737
1.1925695879998885
1.248109681789937
1.2285492799775393
0.6915361322607971
1.3572848714334895
1.0583005244258363
1.5262153626973256
1.7557524502806978
1.3531855420122951
0.8474799243771022
1.2103259432437554
1.0834102536794532
0.6995236474439832
1.5412837362262528
1.1777568132306049
1.1539304812490008
1.2009255689767857
1.53420265212187
2.0823064135712603
1.7775138693004797
1.3426342266852345
1.1671427600007758
1.071032731111012
0.9082339395160751
1.6866798418457742
1.920763736989359
1.9876284025608677
1.546896534642471
2.29094837227827
1.5732485852881344
1.4704496666741849
0.9727395449051213
1.0921945288678616
1.8017275660382794
2.008869223109249
1.8286607121059943
2.5522103709878183
1.4607456239119039
1.4770842148563448
1.6833828375559081
0.7004760286167301
0.6666666666666664
0.9114091653404982
1.5704210334245459
2.3117093242879823
1.6160308027867394
1.6870750493745765
1.8795980657813232
1.5215489184088393
1.2294533563968808
0.9589345939924978
1.3830722645215936
2.868681462507356
2.6928712474894816
1.9486747633541464
1.6579773487261187
1.6465452046971303
1.0189319026422832
1.1539304812490034
0.8733078876700157
2.4125597286791547
2.2031290878606695
1.408545348932721
1.6658664745744511
1.487129972650526
1.124277545804416
0.7659416862050697
0.493963561409138
0.5059644256269411
