0.02735685904946302
0.01987142588903383
0.026375336442681734
0.015555731587213772
0.013109355466908215
0.015425370256478343
0.014421451126185328
0.02197930356612476
0.009417727427748077
0.02644413940104235
0.03309366522162387
0.04364207650785493
0.028136186247936328
0.023957567096728413
0.03035022843724002
0.026961488098515552
0.037919284155133556
0.0269625407023123
0.025182975120391672
0.029934185164272854
0.026793190704338138
0.045783857507351575
0.02066507210449945
0.032635316421462196
0.03769145772022052
0.026106479275410516
0.017131729556398977
0.02923296642973881
0.02964053848886372
0.0346921081583556
0.03317744764841536
0.03866130864210417
0.03232836880165777
0.03676977770950466
0.032471864530843095
0.020427348184251494
0.019583257506448033
0.039578819877189905
0.03747040335672773
0.04115187607433955
0.03816667147464446
0.0318421047167678
0.03950513330476401
0.0286818904298582
0.016748551609927255
0.026920539605123566
0.03309428091117575
0.04115520039822725
0.046537042234324644
0.059525785817711216
0.030182695908472928
0.022530985558757897
0.019900846947685395
0.013968007413147871
0.035027362274208114
0.04067904952080575
0.05634418842657193
0.05109670136283926
0.041337837758597853
0.03737846963128581
0.021855127216775724
0.02015171946666203
0.021657517789205622
0.05299510742425306
0.03474348221212118
0.043741758271279386
0.04422013081412745
0.041057959062098325
0.019517747535877157
0.028814125932352212
0.01883487532740885
0.01057848403191294
0.04614608523177471
0.02790330439518305
0.025650146459202966
0.029007962631636085
0.024885081612809203
0.013311409071883763
0.023366071439815526
0.015077056096646821
0.011511420503441123
