0.2869561942875604
0.2896380861696192
0.12831298983345313
0.18591872632954437
0.20282459850816945
0.2287492352774112
0.2277030065677664
0.2443239243299764
0.2798548984027256
0.3910346063457807
0.3346265251889037
0.34720042142831586
0.3111015330081167
0.29875912036287705
0.2815157729151243
0.15087538115941904
0.18102282242855444
0.1418642534255899
0.3837556314114486
0.4673340417303241
0.25786359060557623
0.34925748805143775
0.3917608701236002
0.3149157522894022
0.2899127548763592
0.39234091318647873
0.1478301560575515
0.28216126707966116
0.3246930966928616
0.36069266895793684
0.2979588202419927
0.3172181142368765
0.4407128387510399
0.5386959318947937
0.2687457397615821
0.18444510684753868
0.3056816804455249
0.5654698391956908
0.4068806449070784
0.24203282554232178
0.3945084791991168
0.20704131568360937
0.24820232424375077
0.2336670208651616
0.2023756226426495
0.41706492942945966
0.5110540581973695
0.2918281974038833
0.4428747226925463
0.3037038620762011
0.44246374965639834
0.43353360838578575
0.29688839761769054
0.2348319654561532
0.4007139366680429
0.32900675737741325
0.35765360336504404
0.6742126170281894
0.48104963635782927
0.4398864691713076
0.3680261564617382
0.26036483602821625
0.23112283175835277
0.5438007746960276
0.47486438720965357
0.49284153217844795
0.49560231298895346
0.3992357020107295
0.42032372305165
0.19782982950000227
0.279854898402726
0.15533132021585325
0.4112169731905532
0.3543318690719196
0.5652284948231114
0.3932672025989455
0.3513672360366003
0.20616075320002106
0.13521639900544571
0.09160401825247626
0.11294909933239838
