0.07787613360551471
0.04453274899576726
0.042618972102855354
0.03847498799791859
0.06172743391964334
0.03062450617763542
0.05861912372733058
0.03789325252780522
0.08376100445777838
0.022605116169929336
0.04703761180604295
0.06293084738231323
0.09354482699232505
0.06805635910849185
0.056562344146047924
0.05344671972362758
0.07599841254763186
0.0509180839205873
0.0667946977153129
0.0737435128471646
0.06392468740960708
0.04900419965676363
0.08048053449365247
0.04744389449377044
0.054974325629916033
0.03780481110546644
0.053997687758495595
0.07161815725258511
0.06960624825286926
0.10347719750174944
0.04740438236349097
0.06983170094288164
0.05463840072857201
0.06917207670798955
0.04178613306751414
0.030778571845750287
0.04450169065660299
0.1048355699868323
0.09493072602861513
0.08721633735983224
0.06884015870754485
0.09780325796978319
0.10216737282588821
0.04275875431974148
0.05204466088520504
0.07369440322890194
0.08086570381426249
0.07828504264841367
0.09026036970241165
0.09571018327396515
0.10864969943152203
0.07384311231750737
0.0489332406899031
0.04382072599380374
0.08545047104225892
0.05124715633398631
0.05306926038391706
0.1335572525393363
0.08904527396276565
0.08096575442158249
0.1040263827016205
0.050792162207332806
0.029082123080683014
0.0700296755657204
0.14163631807335325
0.09630064858099321
0.06977462387085992
0.1016654188141473
0.05550783924225481
0.04732103038878138
0.0462635131802158
0.03586073463073515
0.10528026156928001
0.085255230451627
0.07399594810960927
0.04345385144614887
0.057661944800223096
0.06460832371588034
0.037841366314445034
0.03364104318382522
0.029269188408290476
