0.05882359885624135
0.11454448766483742
0.09038444287376016
0.10568917810258453
0.11944273904428009
0.09060055968039063
0.08681156660261377
0.08124188177042671
0.14670600301828157
0.12822789222942066
0.08543322430061973
0.10349758966082216
0.1481988870133646
0.15138998189312253
0.1491899085273533
0.12704486076343302
0.11342726518081933
0.08615947145613187
0.10639685423921133
0.07706455438397117
0.18821628248374253
0.1489946736229183
0.21034302741949862
0.2065816900153543
0.16097926487097616
0.1309652637671531
0.11267091405327305
0.12049288029423144
0.12656064629417801
0.16606086140207804
0.22545684321749904
0.2193214794624549
0.15509690194198006
0.16609646240182263
0.1444692333751377
0.1145643390519054
0.16061722087497313
0.21565770865517372
0.1386572994169442
0.08095024905705976
0.2271130107413483
0.14718574417925143
0.17794144404944007
0.1424880464881179
0.06830424366318665
0.11961396683665378
0.28123128612300624
0.2879040172946536
0.12813208986979013
0.15176504807629462
0.20338666078580467
0.18192505999999017
0.1579762259379557
0.10222860909941037
0.1874996528380784
0.2607122232163275
0.18992659843634405
0.22122108151258973
0.23055342452802569
0.07533965585267834
0.10430739092509204
0.07226451805415968
0.09106122648855555
0.28129596747625085
0.22289035817998037
0.23961545833272088
0.20406756134574683
0.1526256924321721
0.20487721520950047
0.1254489238917576
0.08739116967749076
0.0942469839517425
0.23101260642311267
0.175822711888993
0.16260967550056818
0.13933789436617738
0.1156980999394545
0.07947603517035796
0.09630442678091161
0.062278756879051336
0.05014185036872889
