86.13999999999999
81.02000000000001
77.91999999999999
75.6
74.62
72.86
70.6
67.89999999999999
62.28000000000001
90.88
84.72
79.54
75.24
73.3
70.9
67.06
63.34000000000001
58.10000000000001
91.56
84.72
79.32000000000001
75.28
72.18
69.26
65.64
60.580000000000005
55.74000000000001
92.34
86.03999999999999
80.46000000000001
74.67999999999999
70.30000000000001
67.46
62.660000000000004
58.56
54.760000000000005
91.78
85.06
78.19999999999999
73.96000000000001
68.68
65.1
60.980000000000004
57.86
54.25999999999999
91.78
82.69999999999999
76.9
70.7
67.44
63.220000000000006
58.5
55.96
53.3
88.74
78.6
72.69999999999999
66.97999999999999
63.64000000000001
60.779999999999994
57.75999999999999
54.85999999999999
52.82000000000001
84.52000000000001
72.96000000000001
66.85999999999999
62.46
59.18000000000001
57.779999999999994
54.94
53.31999999999999
51.54
75.16
63.86
59.779999999999994
56.46
54.81999999999999
53.58
52.48
51.17999999999999
50.86
