86.85600000000002
80.70400000000001
77.892
75.92000000000002
74.104
72.496
70.9
68.248
62.81200000000001
90.87199999999999
84.13600000000001
79.912
75.82000000000001
73.392
70.48400000000001
67.624
63.855999999999995
57.748000000000005
92.58
85.95599999999999
80.3
75.53999999999999
72.36
68.392
64.884
61.19199999999999
56.008
92.77200000000002
86.124
79.75200000000002
74.948
70.468
66.38
62.516000000000005
59.02
54.516
92.10799999999999
84.79599999999999
78.832
72.98400000000001
68.58
64.728
61.20399999999999
57.68000000000001
53.556
91.04400000000001
83.236
76.37599999999999
71.04400000000001
66.228
62.84799999999999
59.379999999999995
56.128
53.036
89.316
79.976
72.00800000000001
67.268
63.488
60.55999999999999
57.348
54.82800000000001
52.528
85.03599999999999
73.99199999999999
66.84
62.788
59.955999999999996
57.220000000000006
54.987999999999985
53.28800000000001
51.74000000000001
75.076
63.70000000000001
59.23599999999999
57.09599999999999
54.912
53.70399999999999
52.648
51.736000000000004
50.816
