86.6984
80.82
77.61359999999999
75.668
74.0936
72.56960000000001
70.888
68.34880000000001
62.7312
90.9072
84.2968
79.5728
75.89039999999999
73.20960000000001
70.5192
67.5608
63.74399999999999
57.8304
92.104
85.70399999999998
80.3592
75.728
72.2064
68.77279999999999
65.0664
60.73600000000001
55.9824
92.59279999999998
85.792
80.0288
74.7704
70.7312
66.83279999999999
63.0432
59.08079999999999
54.6896
92.09679999999999
84.86960000000002
78.61600000000001
73.41839999999999
68.77199999999998
64.8784
61.1496
57.47280000000001
53.924800000000005
91.02959999999999
83.1088
76.2656
70.9832
66.56480000000002
62.504
59.41919999999999
56.24720000000001
53.24159999999999
88.90159999999999
79.824
72.53920000000001
67.5248
63.2856
60.296800000000005
57.49759999999999
54.85920000000001
52.3
84.85999999999999
73.9512
67.29599999999999
62.988000000000014
59.57679999999999
57.29040000000001
55.1072
53.3488
51.603199999999994
74.74480000000001
64.33200000000001
59.507999999999996
56.7984
55.010400000000004
53.7168
52.74240000000001
51.75680000000001
50.803999999999995
