86.66671999999998
80.72031999999999
77.68224000000001
75.71423999999999
74.16272000000001
72.65776
70.96047999999999
68.24656
62.85488
90.95728
84.25392000000001
79.51903999999999
76.17312000000001
73.21615999999999
70.62064
67.5672
63.588480000000004
58.023040000000016
92.32896000000001
85.70912
80.21136
75.89856
72.15151999999999
68.53551999999999
65.05600000000001
60.86224000000001
55.839999999999996
92.61776
85.75968
79.96144
74.87712
70.68160000000002
66.8656
62.9736
58.99024000000001
54.648160000000004
92.16416
85.05024
78.64415999999999
73.38192000000001
68.81424000000001
64.90079999999999
61.2512
57.64640000000001
53.787200000000006
91.01744
82.96943999999999
76.36623999999998
70.90768
66.3984
62.74768000000002
59.48112
56.1616
53.09152
89.00143999999999
79.78272000000001
72.76112
67.41919999999999
63.399519999999995
60.169920000000005
57.37776
54.82624
52.35311999999999
84.79807999999998
73.9136
67.27695999999999
62.73392
59.65472
57.16064
55.14175999999999
53.318560000000005
51.66895999999999
74.79936000000001
64.27535999999999
59.48752000000002
56.812
55.098879999999994
53.69743999999999
52.64832
51.69136000000001
50.84303999999999
