0.3442799894143002
0.19687333773548743
0.18841278560059838
0.17009278513668696
0.2728887441186708
0.1353868531283617
0.2591473197494721
0.16752101029091607
0.37029621776206184
0.09993420057440025
0.20794700179506168
0.2782088743692009
0.4135491909475024
0.3008680774027049
0.2500545718216089
0.23628081221762853
0.335978835312254
0.22510205093097835
0.29529044082808537
0.3260102247885261
0.282602508442118
0.2166410241236235
0.35579369802675714
0.20974312331463502
0.24303415397840863
0.1671300225705855
0.23871656833994517
0.3166143114614726
0.3077199303840374
0.4574588748972124
0.20956844546194062
0.30871662662635563
0.24154907483895674
0.3058005159504401
0.1847309154178344
0.1360679568777643
0.19673603296464628
0.46346405829722503
0.4196760655553277
0.3855717831999657
0.3043331507849021
0.4323751457550097
0.4516683148801424
0.18903074411910467
0.23008249728207358
0.32579311772282027
0.35749648016915336
0.3460877216994415
0.3990290437772398
0.42312194197155234
0.4803258153471354
0.32645054074936947
0.21632732400487667
0.19372557910611732
0.37776512397108275
0.22655683613610217
0.23461211487142822
0.5904387822251826
0.3936572677399012
0.3579387905463417
0.45988674934403406
0.2245453678485093
0.1285681833805615
0.3095918460023006
0.6261552523136749
0.42573231026080116
0.30846429651131707
0.44944924321020024
0.24539274642906636
0.2091999575100857
0.20452481512031742
0.1585355200297752
0.4654299804123785
0.3769019913865031
0.3271262073811197
0.19210367571241765
0.2549157595058492
0.2856247732797539
0.16729162826898777
0.14872256049436436
0.1293951742187908
