0.12094102143882858
0.08784892081800987
0.11660184103749663
0.06876981249873462
0.05795471028695055
0.06819350246011646
0.06375531001850278
0.09716756660532609
0.04163451559570326
0.11690600973051436
0.1463026756039959
0.1929357935802605
0.12438632293517386
0.10591320555582853
0.13417430785694084
0.11919313925073187
0.16763609263984772
0.119197792671584
0.1113305708240127
0.13233503609316027
0.1184491189404869
0.20240432142949416
0.0913575247767438
0.14427637675270644
0.1666289023882428
0.11541325939615613
0.0757370891087488
0.12923504168761632
0.13103686334599346
0.15336917841890185
0.14667306652703518
0.17091648382893088
0.14291940230617936
0.16255427811452103
0.14355377776676875
0.09030657906388813
0.08657496687200722
0.1749726785021658
0.1656516505602464
0.18192694993076725
0.16872975895068285
0.14076969370808046
0.1746469200033776
0.12679880826639345
0.07404311056554931
0.11901211142848614
0.14630539748530394
0.18194164632284374
0.20573405054962265
0.2631555518024369
0.1334336689145576
0.09960647903960167
0.08797898739029794
0.06175069590251048
0.15485129210525247
0.1798366468647469
0.24909013451181222
0.22589169479592955
0.1827490617090975
0.16524522383415477
0.09661859954365926
0.08908806130266149
0.0957449946472397
0.23428429453692778
0.15359629625164092
0.19337647334783106
0.1954912944921638
0.18151175535852487
0.08628535603836054
0.12738340376813534
0.08326646917510544
0.046766065569906895
0.20400568183808448
0.12335678335624689
0.11339587294077351
0.12824032993649906
0.11001362339880283
0.0588479622983367
0.10329828222730118
0.06665365206298329
0.05089045315402795
