1.2685950233755987
1.280451309326345
0.5672545969648679
0.8219218670625303
0.8966604708583972
1.0112698288126047
1.006644591369436
1.0801234497346437
1.2372011423639504
1.7287117875587121
1.4793391918165502
1.5349267083479925
1.3753383422109493
1.3207741837439304
1.24454364683963
0.6669999167083069
0.8002777295692063
0.6271629240742259
1.6965324111911961
2.066021404643343
1.1399805066559514
1.5440207252495037
1.7319225027568532
1.3922004964164554
1.2816655830077772
1.7344867956961925
0.6535373831014655
1.247397290361013
1.4354248306492556
1.5945741333242123
1.3172361637577044
1.402378931197509
1.948332620473209
2.3815027935225186
1.1880890351970916
0.8154071920757678
1.3513778976371569
2.4998666631109234
1.798765008430939
1.0699948078794066
1.744069315645963
0.9153020145163986
1.0972693379476162
1.0330107023216695
0.8946756084997767
1.8437883705988491
2.2593017603774075
1.2901334986909079
1.9578900207451206
1.3426342266852391
1.9560731638213897
1.9165942015286728
1.3125039682479689
1.0381607668264952
1.7715028146244158
1.4544949486180958
1.5811388300841913
2.980603965641863
2.1266562173202
1.9446793508899538
1.6269945024833696
1.1510381787277464
1.0217631819555826
2.404070621998354
2.0993120566297683
2.1787866144051633
2.1909916577760984
1.764967736563791
1.8581950621204684
0.8745792639257395
1.2372011423639522
0.6866990283636306
1.8179353368282636
1.5664538862595916
2.498799711861677
1.738581797519653
1.5533476394190995
0.9114091653404998
0.5977736472389289
0.40496913462633183
0.4993328882953067
