0.02719143709148484
0.020994965023773036
0.024241136351449664
0.02272596326384068
0.018452991237369185
0.016556274242908862
0.028988388766704575
0.012578361696208162
0.026653086691410522
0.027743423186437476
0.030471787001576416
0.03424093902562801
0.03005774107510844
0.01524753110347261
0.04059201671819894
0.023668694850357587
0.024785722144427993
0.02255871227870927
0.02855363017530584
0.020242694605389182
0.027171599124615347
0.03520820063659323
0.026217628466236022
0.013852077915114036
0.03083158128637331
0.020773353273938273
0.02122043540146701
0.025790563552257773
0.02839999869043407
0.027529720229425247
0.04923562127561853
0.023727437660983737
0.03988477724530777
0.03550017260076555
0.02680815163430682
0.0257260663132036
0.024344063943970963
0.020615007536282353
0.04656743067193622
0.03825752905551539
0.05831454835345903
0.03556044853076844
0.04111215792539416
0.01811673819690976
0.027233795295933366
0.026700005989345098
0.033783702157114806
0.03695611021830949
0.03552902277344343
0.03541479615486388
0.041961654715132385
0.033587029655818265
0.02156795563413865
0.016132594994948672
0.03748888727916276
0.019748882228136387
0.06032887845059409
0.028018727655406174
0.046850959877644524
0.0212093217410834
0.033194989881477094
0.025739159632665664
0.02257125717914366
0.052966648186562104
0.03644536197020397
0.0478457236186542
0.045303428260874065
0.03299782981989931
0.022997794034816284
0.01814579601975051
0.02724651128269004
0.014181025458300212
0.031197163444390236
0.0335729654019087
0.03038365762267341
0.02733703464783539
0.029593978054505504
0.011849771500784367
0.018155778915525785
0.008335866087830454
0.015302935537596735
