0.044436233722672754
0.044730035599538795
0.06141423265712927
0.03181329639606713
0.04796141785126844
0.037066627729859976
0.05399263383003237
0.049190950754137354
0.06333427654797995
0.04641936563874982
0.06199299778987956
0.07860045505659677
0.04447715559538351
0.06237683004500934
0.05801517267143158
0.04956381018832193
0.06416074824501318
0.04829519208467841
0.07372969636242954
0.05682131193191493
0.09482046907456212
0.06448318030866627
0.06602877490742956
0.04735792308959515
0.06491171942951424
0.03754841268250904
0.05354602017166159
0.05337041880892381
0.08427202693905014
0.08184870566404792
0.06485564211767599
0.07667073015475982
0.08119461874740176
0.039082519206417685
0.07636640643466204
0.033041377772725776
0.06605632156104346
0.0855270811496801
0.08060702231086317
0.09589172678224119
0.1002258140946934
0.08574546877040237
0.07439708486159928
0.07507574630209145
0.03952180025373321
0.09745162250684175
0.08598276944560446
0.1078505743955032
0.05907942930746651
0.11832394939291022
0.058717112787874545
0.08316200948644739
0.06535637901156986
0.029268566843219396
0.11373495556557814
0.09961314273319569
0.0848134378786755
0.1404439512243943
0.03857840097380917
0.08576816782597144
0.04352078594584459
0.046241880102954436
0.031415661317247864
0.11128819314885134
0.1072307403196677
0.13222620057123338
0.06113008674045887
0.0986006004687598
0.028333710832434005
0.06560642345917031
0.043463898192407965
0.043372135361589056
0.08025144726480656
0.056953388877010756
0.05119174707485581
0.0833431641271195
0.051908856058903795
0.032930521637168066
0.04164963870460368
0.024207040536174944
0.015477693562543629
