0.15284902325628352
0.10997446056971594
0.1205985228698924
0.08179979164765626
0.12360449659134558
0.08131462652192424
0.08924506571009978
0.08007465800364084
0.096398833652695
0.0905854984950681
0.11648165284541559
0.17018633531984856
0.1437591514721762
0.14396148676086987
0.12039847823622982
0.13007669193825652
0.12754506744833377
0.09913881484060623
0.13631852912351985
0.18389192833183277
0.11699981048873534
0.1439993929764983
0.20077591511334242
0.10805532935306801
0.10419832609787896
0.13230583904877372
0.10886464964532809
0.16067384402447088
0.11472302648727517
0.14178728922438658
0.20476840981362324
0.19817667598786645
0.16137432045526925
0.10741364489858804
0.12958274798753094
0.13153356572373434
0.12511493496141915
0.17237172215418564
0.1736257527257975
0.1296564333675731
0.1927316035361092
0.17883888201842485
0.17087975709720554
0.07543618331808705
0.0978411969182715
0.2198082650165817
0.250084421253304
0.20817173969970093
0.2072169791498759
0.18480230829727165
0.14642051006057819
0.16954373649769572
0.13448790068403932
0.08824055267279322
0.18141183590934687
0.22351795555256843
0.18969896773994294
0.1811132484430664
0.15519950350436046
0.16591015725868039
0.10318070566922859
0.0989735221480978
0.09858214803096936
0.24907303255390817
0.25418457219587476
0.13966717936580522
0.22356881959343028
0.14700022365153081
0.18014383948833762
0.08565121402525468
0.08725053951924859
0.08869809363453106
0.28746926119917643
0.12530019096553685
0.1598337729517763
0.14177124975678235
0.07950464322541174
0.16231572899260235
0.04715002615481796
0.045789594975278215
0.04996011055231968
