0.24222066633547207
0.253460663614692
0.30099619559057544
0.24203282554232203
0.32286699081820036
0.3206406609274621
0.25861210768252907
0.24911685322354277
0.2301368083553778
0.290852506951548
0.44019653955931953
0.4579952656523868
0.31401180716654636
0.14503479582500156
0.23283832536762464
0.23981467544752139
0.31375823584409657
0.316644093202447
0.3016376976440448
0.3862658916342469
0.47450508600013974
0.2697592408055748
0.5145794517467637
0.46354752438126623
0.4028364519752404
0.2072608717534498
0.19661914454091203
0.27904112843808526
0.19569169057474017
0.27348485325516686
0.6764855056540383
0.39384502718709086
0.2631017068739768
0.25573830499164546
0.31520446722722695
0.23848341795605005
0.2059400242789148
0.45553083320451593
0.48031634658837047
0.49612970820139396
0.2798955247945202
0.2563156432213997
0.3775726051503211
0.3481161739419756
0.18810751138644094
0.30389099861627983
0.33908210781461157
0.37088830038166487
0.42716612150309813
0.3589230079000229
0.38057211689770437
0.13016058082230564
0.3735459369876749
0.15147707998241827
0.5874622989094709
0.5788834693096705
0.60613346701861
0.47641822786287263
0.551111592910184
0.392659571639353
0.5068315986992129
0.2420328255423218
0.2756383105448153
0.31473517096123815
0.3538180651125661
0.44133160050012277
0.3011850145010538
0.4163828038716294
0.26292878427437316
0.13788101769279199
0.1481374955910894
0.16526193947790893
0.5711518894304735
0.3487688107615129
0.5362419163027078
0.4212964457481216
0.21480400033518912
0.18567393527364032
0.2301368083553778
0.13189613186140073
0.07403036025847767
