87.00000000000001
80.3
77.88
76.24000000000001
74.32000000000002
72.53999999999999
70.46
67.97999999999999
63.38000000000001
91.2
84.26
79.67999999999999
75.63999999999999
73.1
70.52
67.42
63.17999999999999
57.379999999999995
92.46000000000001
85.94000000000001
80.66
75.6
72.52000000000001
67.77999999999999
64.24
60.81999999999999
55.4
92.67999999999999
85.72
79.61999999999999
75.32000000000001
70.26
66.47999999999999
62.839999999999996
59.21999999999999
54.660000000000004
91.69999999999999
85.30000000000001
78.7
72.72
67.7
64.82000000000002
61.98
57.620000000000005
53.64
90.94000000000001
82.83999999999999
76.58
70.67999999999999
66.9
63.220000000000006
59.5
56.56
53.17999999999999
88.44
78.96000000000001
72.24
66.53999999999999
63.760000000000005
60.2
57.760000000000005
55.64
53.05999999999999
84.55999999999999
74.50000000000001
68.1
61.220000000000006
60.08
57.6
54.56
53.7
51.54
74.3
64.57999999999998
59.5
56.5
53.779999999999994
53.44
52.42
51.3
50.54
