86.57520000000001
80.7448
77.6184
75.7504
74.0984
72.5464
70.79759999999999
68.27680000000001
62.6768
91.0264
84.33279999999999
79.5536
75.9208
73.1744
70.61919999999998
67.5056
63.544000000000004
57.8848
92.35679999999999
85.6704
80.34
75.78399999999998
71.8832
68.672
65.0368
60.7928
55.741600000000005
92.54
85.8192
79.704
74.9632
70.6264
66.64880000000001
62.92
58.925599999999996
54.596000000000004
92.0992
84.7944
78.39040000000001
73.256
68.78960000000001
64.73519999999999
61.1736
57.39920000000001
53.792800000000014
90.9832
83.17519999999999
76.18800000000002
70.8952
66.43280000000001
62.67040000000001
59.2864
56.2256
53.02879999999999
88.7736
79.7024
72.616
67.3
63.2448
60.118399999999994
57.35359999999999
54.6072
52.40400000000001
84.7288
73.6056
67.30640000000001
62.596799999999995
59.504
56.97280000000001
55.11039999999999
53.24000000000001
51.6136
74.61280000000001
64.2232
59.45119999999999
56.79600000000001
54.9824
53.7232
52.6016
51.63600000000001
50.8048
