86.62927999999998
80.74624000000001
77.70559999999999
75.68544
74.14959999999999
72.65119999999999
70.8824
68.21264
62.80703999999999
91.01152
84.24624
79.57920000000001
75.99024
73.12368000000001
70.42848
67.46848
63.6072
57.870400000000004
92.34527999999999
85.65455999999999
80.27520000000001
75.82752
72.0472
68.58239999999999
64.98944
60.79776
55.744640000000004
92.62016
85.74816000000001
79.82399999999998
74.89552
70.56944000000001
66.70415999999999
62.96112000000001
58.953599999999994
54.62768000000001
92.14272000000001
84.84272000000001
78.4856
73.264
68.73744
64.84224
61.08672
57.489920000000005
53.799200000000006
91.03903999999999
82.96624
76.26464000000001
70.80624
66.37968
62.552800000000005
59.27760000000001
56.11888000000001
53.09984000000001
88.82527999999999
79.5952
72.64672
67.36544
63.33824
60.108799999999995
57.255680000000005
54.75584
52.36015999999999
84.74496
73.88239999999999
67.14096
62.78528
59.50223999999999
57.08255999999999
55.02239999999999
53.23472
51.59168
74.58480000000002
64.15487999999999
59.469759999999994
56.732479999999995
54.94448
53.6592
52.63055999999999
51.661759999999994
50.80224
