86.544
80.912
77.476
75.48800000000003
74.328
72.756
71.04799999999999
68.284
62.512
90.988
84.112
79.268
76.28
72.904
70.568
67.13199999999999
63.584
58.14000000000001
92.324
85.83200000000001
80.164
76.00800000000001
71.68800000000002
68.87199999999999
65.15200000000002
60.703999999999986
55.75599999999999
92.89199999999998
85.76400000000001
80.22800000000001
74.632
70.512
66.276
63.016
58.88000000000001
54.56
92.15599999999999
84.504
78.012
73.668
68.848
64.812
61.10799999999999
57.23199999999999
53.85600000000001
91.088
83.192
76.10799999999999
70.97999999999999
66.29999999999998
62.836
59.41199999999999
56.384
53.20000000000001
88.88000000000001
79.104
72.708
67.628
63.08
60.172000000000004
57.064
54.724000000000004
52.336
84.508
74.40399999999998
67.3
62.79600000000001
59.472
57.327999999999996
55.339999999999996
53.24399999999999
51.676
74.756
64.6
58.98
56.512
54.955999999999996
53.38399999999999
52.61600000000001
51.7
50.656
