0.1202097130481204
0.09281593732879326
0.10716682737157233
0.10046844944226649
0.0815782105984491
0.07319307799694458
0.12815379649294684
0.05560725771975315
0.11782973780464422
0.12264996987814976
0.1347117020405677
0.15137461991877987
0.132881260278994
0.06740729930801331
0.1794518864641863
0.10463613992200525
0.10957436845458883
0.09972905516670764
0.1262317868050656
0.08949025024486817
0.1201220120451607
0.15565075436159698
0.11590463512924855
0.06123818706946966
0.13630230453745937
0.09183622137019572
0.09381271176599032
0.11401663816205912
0.12555260252181286
0.12170521763671638
0.2176641082034418
0.10489583404502095
0.17632527517819527
0.1569415234339768
0.11851525921444218
0.11373150447923784
0.10762185651622884
0.09113619600478494
0.20586839377513802
0.16913142818530233
0.25780083268549525
0.15720799527307
0.1817513612970564
0.0800916807997779
0.12039697301473636
0.11803716175660962
0.14935323676885415
0.16337802925866265
0.15706906619559427
0.15656408556526913
0.18550687318803
0.14848377389840084
0.09534905231714699
0.07132004860720015
0.16573336551354007
0.08730717165400702
0.2667059171113797
0.12386705417951448
0.20712183853954252
0.09376357975722105
0.14675061839733464
0.11378938829648834
0.09978451449665632
0.23415848004669365
0.16112007944387255
0.21151955622747212
0.2002804078730065
0.14587900008797217
0.10167017698857773
0.08022014155504203
0.12045318869447408
0.06269242024005399
0.13791849444911686
0.14842159770958752
0.1343220938226057
0.12085338040599199
0.1308310258819872
0.05238625773998394
0.08026427460444643
0.036851751051416685
0.06765223491422076
