0.6757251249172569
0.48618240747000857
0.5331499684787462
0.36162595777036366
0.5464389769732342
0.3594811075239798
0.39454052038063564
0.3539993722530541
0.4261663733540893
0.40046639476157425
0.5149498357445428
0.7523710668428317
0.6355400153500274
0.6364345126475237
0.5322655978613167
0.5750516884980394
0.5638597146257018
0.43827946437049614
0.6026460173453574
0.8129616637127886
0.5172405415063455
0.6366020909659519
0.8876035150899311
0.4776981845847392
0.46064688814270094
0.5849064502598307
0.4812760815443329
0.7103176128402781
0.5071751834097046
0.6268226756162094
0.9052538011212344
0.8761126259410542
0.7134143256201116
0.47486138328288263
0.5728680282384215
0.581492332996173
0.5531164233484489
0.7620323702660726
0.7675762719973365
0.5731937814658403
0.852040687604373
0.7906228205942742
0.755436591941669
0.3334932949517553
0.43254286878104115
0.9717429929999191
1.105589837547763
0.9202994681684392
0.916078599247904
0.8169863319950117
0.6473055263509204
0.7495302232435708
0.5945530534219244
0.3900997023554077
0.8019975062305343
0.9881430395781098
0.8386338096372368
0.8006774909065711
0.6861162842809923
0.7334666545476587
0.456148124090312
0.43754872744517154
0.4358185147257708
1.1011186231384091
1.1237160574530274
0.6174499529876446
0.9883679027118933
0.649868362738863
0.7963918633436676
0.3786525818976776
0.38572298638040936
0.39212242986088003
1.2708632236922035
0.5539354154090931
0.7066037707859254
0.6267517672713632
0.35147941302127206
0.7175761670760493
0.2084439706225374
0.2024296860091875
0.22086697856905252
