0.19644665659890695
0.19774551547099378
0.27150412315264927
0.14064233596846654
0.21203102498350326
0.1638666124220158
0.23869422559696007
0.21746662579194231
0.27999238084871775
0.2052138180316084
0.2740627665335082
0.34748211784525534
0.1966275667346751
0.2757596376879281
0.2564773327649495
0.21911498756994663
0.2836461018789265
0.2135065963071548
0.3259491439541536
0.2511994338280943
0.4191886342818838
0.2850715309843779
0.2919043983529158
0.20936305521483264
0.2869660452233167
0.16599651937448734
0.2367198062407674
0.23594349606067114
0.37255537992506693
0.3618422001063127
0.2867181349145711
0.3389510616921301
0.35895056917507406
0.17277859949786772
0.33760568715588873
0.1460715197733235
0.29202617843078454
0.3781038070277635
0.3563528837792359
0.42392452158373645
0.4430849429473625
0.37906926954200876
0.32889957940583237
0.3318998510260453
0.17472060235956324
0.4308206123202553
0.3801183441450241
0.476792990254214
0.2611822692637777
0.5230943828156951
0.259580516303601
0.3676481409657268
0.2889318258690091
0.1293924263625968
0.5028070537823967
0.4403764046560375
0.37494888540528515
0.6208839576675256
0.17054996009641543
0.3791696190361248
0.19239958419913614
0.2044291781739807
0.13888444437333272
0.4919902438057088
0.4740527865590969
0.5845543791831714
0.2702479519914185
0.4359000904896543
0.12525955275169764
0.2900372389883745
0.19214809103628633
0.19174241981250686
0.35478093397350374
0.25178332836874784
0.22631187919918572
0.36844900144615167
0.22948212227632092
0.14558143959844413
0.18412749206279255
0.10701609432438082
0.0684248168105377
