1.0708252269472682
1.1205157542647743
1.3306639946532957
1.0699948078794077
1.4273518603810804
1.417509553171804
1.1432896007185194
1.101312348468359
1.0174041041351805
1.2858201014657296
1.9460501306778053
2.0247359224243446
1.3882042757141748
0.6411794687223765
1.0293471501663334
1.0601886624558858
1.387083270751974
1.3998412608419408
1.3334999895846364
1.7076299364909235
2.097723633952872
1.1925695879998885
2.274887054583394
2.0492817169817252
1.780886171420161
0.9162726425881953
0.8692269873603538
1.2336035739968403
0.8651268372004429
1.209040023232391
2.9906521028029984
1.7411362828783856
1.1631375193367677
1.130584902704003
1.3934768666101987
1.0543033508225024
0.9104333522498445
2.013840995599098
2.123414441151063
2.1933232015976745
1.2373807462180377
1.1331372379372224
1.6691980775876265
1.53897512794861
0.8315981935740095
1.3434615323442964
1.49903672773922
1.6396476586280497
1.888444392144554
1.58675069805492
1.6824585185574905
0.5754225500544016
1.6513967152417104
0.6696599468718756
2.597092391288554
2.559166530988817
2.679635132708267
2.106181378704123
2.4363907732545713
1.735895542172206
2.2406348306773336
1.0699948078794068
1.2185601704014823
1.3914021704740855
1.5641824275533425
1.9510680835549197
1.3314987378472758
1.8407727845783792
1.162373051610845
0.6095535707019981
0.6548960901462838
0.7306009702825328
2.524986248587416
1.5418603481941329
2.370653918225941
1.862495339293199
0.9496198069637007
0.8208396784864735
1.0174041041351805
0.5830951894845302
0.32727833889689506
